1: <path d="M4045 6541 c-23 -4 -35 -17 -53 -51 -22 -45 -22 -45 -71 -42 l-48 4
-45 -69 c-46 -68 -70 -154 -48 -168 14 -9 12 -25 -3 -25 -7 0 -31 18 -52 40
-21 22 -42 40 -45 40 -3 0 -18 -20 -33 -45 -16 -25 -32 -45 -36 -45 -4 0 -13
11 -19 25 -9 20 -19 25 -50 25 -54 0 -122 -25 -166 -62 -36 -30 -38 -34 -32
-74 5 -36 2 -44 -13 -49 -10 -3 -40 -34 -66 -68 -44 -58 -45 -59 -6 -17 22 25
41 48 41 52 0 4 13 14 30 23 28 14 29 18 24 59 -6 40 -4 45 28 69 43 33 109
57 158 57 32 0 39 -4 50 -30 7 -16 15 -30 19 -30 3 0 21 23 39 51 l34 51 42
-41 c23 -22 47 -41 53 -41 6 0 21 -13 33 -30 37 -52 41 -33 6 23 -45 71 -41
116 17 205 l42 63 50 -3 50 -3 22 48 c17 35 29 47 45 48 13 0 32 4 43 9 23 10
4 11 -40 1z"/>
2: <path d="M4216 6531 l111 -17 85 -89 85 -89 -20 -33 c-10 -18 -23 -36 -29 -39
-5 -3 -64 -12 -130 -20 -67 -8 -123 -16 -126 -18 -2 -2 1 -13 7 -24 9 -18 15
-18 57 -9 26 6 42 13 36 15 -6 2 -27 -1 -46 -6 -26 -8 -36 -7 -40 3 -5 15 14
19 158 35 49 5 90 11 91 12 1 2 14 21 27 43 l25 40 -89 94 -89 94 -87 14 c-48
7 -98 12 -112 12 -14 -1 25 -9 86 -18z"/>
3: <path d="M3016 6434 c-20 -11 -31 -13 -39 -5 -23 23 -110 4 -156 -35 -16 -13
-32 -39 -36 -57 -14 -71 -16 -73 -32 -44 -19 36 -47 35 -63 -4 -14 -32 -67
-79 -92 -79 -25 0 -58 -44 -58 -78 0 -17 11 -52 25 -78 14 -26 25 -54 25 -63
1 -9 14 -31 30 -50 28 -32 31 -34 80 -28 28 3 62 2 76 -3 24 -9 24 -11 8 -35
-9 -14 -21 -22 -27 -18 -6 4 -7 1 -2 -7 6 -10 14 -6 32 16 12 16 23 32 23 36
0 14 -63 27 -109 21 -46 -5 -52 -3 -75 23 -14 16 -26 36 -26 45 0 9 -11 37
-25 63 -14 26 -25 62 -25 80 0 32 24 66 48 66 26 0 79 42 95 75 20 43 33 44
55 5 9 -16 20 -30 23 -30 3 0 12 28 20 62 12 52 20 66 47 85 42 28 121 41 132
22 7 -10 16 -9 50 6 41 18 42 18 138 -4 53 -13 109 -30 125 -38 32 -16 37 -9
5 8 -28 15 -195 59 -223 58 -11 0 -33 -7 -49 -15z"/>
4: <path d="M3320 6362 c0 -5 9 -17 20 -27 12 -11 20 -31 20 -50 0 -33 -33 -73
-128 -158 -39 -34 -40 -47 -7 -47 14 0 25 -2 25 -5 0 -11 -67 -110 -82 -123
-9 -7 -27 -43 -40 -79 -18 -51 -30 -71 -55 -85 -17 -11 -34 -25 -36 -32 -3 -8
-24 -17 -46 -21 -23 -4 -41 -11 -41 -16 0 -11 -3 -11 43 4 20 8 46 23 57 34
11 12 28 24 39 28 12 4 28 30 45 77 15 38 41 88 59 109 17 21 42 56 55 78 l23
41 -31 0 c-27 0 -29 2 -19 19 7 10 28 28 48 41 47 29 101 102 101 136 0 14
-11 39 -25 56 -14 16 -25 25 -25 20z"/>
5: <path d="M4310 6207 c0 -3 19 -20 41 -38 l42 -33 23 27 c13 15 25 27 28 27 15
0 16 -73 2 -119 -8 -28 -12 -51 -7 -51 4 0 22 16 41 35 19 20 63 52 99 71 58
32 67 34 93 23 44 -18 58 -36 58 -75 0 -28 -10 -46 -52 -92 l-51 -57 56 57
c45 45 57 63 57 88 0 45 -13 64 -58 84 l-39 18 -59 -33 c-32 -18 -76 -48 -98
-68 l-39 -36 9 30 c12 44 10 113 -4 127 -10 10 -17 7 -36 -17 l-23 -29 -42 33
c-22 18 -41 30 -41 28z"/>
6: <path d="M2477 6043 c-24 -4 -28 -8 -23 -28 4 -15 1 -25 -9 -28 -7 -3 -23 -35
-34 -71 -16 -52 -18 -72 -9 -102 14 -52 37 -84 59 -84 16 0 18 -6 13 -43 -14
-99 78 -166 141 -102 14 13 25 19 25 14 0 -6 14 -24 30 -39 17 -15 30 -35 30
-44 0 -15 -2 -15 -27 0 l-28 16 25 -21 c14 -12 33 -26 42 -31 16 -10 16 -8 2
27 -8 21 -26 48 -40 61 -30 27 -26 48 16 86 18 15 30 35 29 49 -1 20 -2 20 -6
2 -6 -23 -73 -101 -73 -84 0 15 19 50 44 79 l21 25 -24 -20 c-13 -11 -34 -43
-47 -72 -25 -56 -46 -69 -94 -58 -50 11 -70 70 -49 145 3 10 -5 16 -22 18 -27
3 -43 24 -59 80 -11 40 21 156 46 166 10 4 13 13 9 25 -4 14 0 20 21 24 22 4
28 0 40 -29 8 -18 14 -38 14 -43 0 -5 22 -26 49 -46 44 -32 51 -42 61 -89 12
-60 29 -88 54 -92 15 -2 14 2 -4 31 -11 18 -20 46 -20 63 0 27 4 31 33 35 31
4 31 4 -5 5 -37 2 -38 1 -39 -35 l-1 -38 -10 42 c-7 34 -19 51 -56 79 -34 26
-52 49 -65 85 -10 27 -21 48 -25 48 -4 -1 -20 -4 -35 -6z m222 -298 c0 -5 -6
-1 -14 9 -8 11 -15 24 -15 30 0 5 7 1 15 -10 8 -10 14 -23 14 -29z"/>
7: <path d="M7707 6022 c-16 -9 -44 -43 -64 -75 -34 -56 -38 -88 -11 -86 10 0 10
2 1 6 -19 7 -16 20 19 78 26 44 83 96 92 83 19 -26 50 -88 75 -151 24 -60 31
-93 31 -147 0 -66 -1 -70 -25 -76 -37 -9 -65 1 -115 42 l-45 36 44 -41 c49
-46 81 -58 120 -45 24 9 26 14 29 80 2 61 -2 83 -28 149 -33 82 -77 165 -88
165 -4 0 -20 -8 -35 -18z"/>
8: <path d="M6450 5965 c-7 -9 -22 -12 -39 -9 -18 4 -41 -1 -62 -12 l-34 -18 30
-6 c27 -5 30 -9 27 -36 -5 -51 48 -71 63 -24 3 10 21 28 40 39 39 23 44 40 17
64 -23 21 -26 21 -42 2z m44 -19 c9 -14 7 -20 -9 -30 -11 -6 -34 -26 -51 -45
-39 -40 -59 -34 -51 16 5 29 3 36 -14 40 -16 5 -18 8 -7 14 26 17 56 10 61
-13 3 -22 4 -22 12 -3 20 48 39 55 59 21z"/>
9: <path d="M5698 5915 c-11 -25 -11 -25 -32 -6 -21 20 -21 20 -61 -3 -41 -23
-44 -31 -30 -76 8 -25 7 -25 -13 -7 -28 26 -56 18 -60 -16 -2 -19 -9 -27 -23
-27 -10 0 -19 6 -19 13 0 6 -4 18 -9 26 -7 11 -16 8 -46 -15 -36 -28 -37 -28
-30 -82 8 -63 53 -170 84 -199 19 -17 20 -24 10 -46 -10 -22 -8 -30 17 -61 17
-22 38 -36 51 -36 19 0 22 7 28 55 4 30 13 59 20 65 7 6 16 33 20 61 6 40 13
55 42 78 l35 29 -51 63 c-28 35 -51 67 -51 70 0 3 11 4 24 2 15 -3 26 -13 28
-26 4 -27 70 -50 120 -42 39 7 57 23 76 68 17 40 5 33 -15 -10 -14 -28 -27
-39 -52 -46 -49 -12 -119 8 -123 37 -2 13 -11 22 -25 24 -17 3 -43 43 -43 68
0 2 17 12 38 23 39 20 39 20 59 -1 l21 -20 12 23 c7 13 14 26 16 28 4 4 60
-34 99 -68 l30 -26 -25 29 c-23 26 -92 76 -105 76 -3 0 -11 -11 -17 -25z
m-127 -117 c13 -18 40 -54 62 -80 l38 -47 -34 -31 c-27 -23 -36 -41 -42 -78
-4 -26 -13 -54 -20 -62 -7 -8 -16 -36 -19 -62 -9 -57 -29 -62 -65 -17 -20 26
-22 34 -12 56 10 23 9 29 -13 52 -34 36 -73 129 -81 193 -6 51 -5 54 24 76
l31 23 10 -26 c11 -28 48 -35 55 -10 3 8 7 22 10 30 7 25 32 17 56 -17z"/>
10: <path d="M4613 5901 c-6 -9 -30 -23 -54 -31 -38 -12 -41 -14 -19 -18 14 -2 28
-7 32 -11 4 -3 -4 -47 -17 -96 -30 -107 -34 -241 -10 -299 14 -34 14 -36 -3
-36 -10 0 -29 -11 -42 -25 l-23 -24 27 -35 c30 -40 37 -112 11 -122 -13 -5
-13 -10 0 -41 20 -47 19 -52 -10 -59 -24 -6 -25 -8 -10 -30 8 -13 15 -25 15
-28 0 -15 -36 -36 -61 -36 l-29 0 20 -40 c27 -54 26 -66 -6 -45 -44 29 -52 2
-11 -38 38 -39 58 -104 35 -118 -16 -11 -38 -11 -38 -1 0 4 -11 21 -25 37
l-24 30 0 -30 c0 -22 2 -25 7 -12 6 15 10 13 26 -14 15 -26 22 -30 45 -24 35
9 34 8 26 55 -4 26 -19 53 -41 77 -39 41 -39 53 0 27 43 -28 46 -13 12 67 -5
12 0 18 23 22 36 7 58 41 41 62 -15 18 -5 35 20 35 18 0 18 2 2 47 -13 35 -14
47 -4 50 23 9 15 91 -14 129 -26 33 -26 35 -9 54 10 11 29 20 42 20 27 0 27 0
8 47 -24 58 -20 191 11 303 17 63 22 96 15 98 -19 6 -12 20 13 26 13 3 27 13
30 22 9 23 2 27 -11 5z"/>
11: <path d="M3201 5878 c-11 -31 -10 -34 25 -63 57 -48 46 -70 -76 -151 -121 -80
-132 -101 -77 -149 20 -18 55 -37 79 -44 l42 -13 -47 -20 c-26 -11 -47 -26
-47 -32 0 -6 17 -33 38 -61 l38 -50 96 3 c96 4 97 4 137 -29 28 -22 41 -40 41
-57 0 -14 8 -34 17 -44 9 -10 33 -68 53 -129 33 -102 35 -112 22 -144 -12 -29
-12 -38 -2 -51 7 -8 19 -13 25 -10 7 2 26 -9 41 -26 l29 -31 -29 7 c-36 9 -46
-4 -46 -60 0 -27 6 -46 18 -58 18 -15 21 -15 45 4 14 11 28 20 32 20 17 0 -6
-73 -28 -90 -26 -21 -52 -93 -40 -113 4 -6 6 -24 4 -40 -1 -15 7 -42 18 -61
12 -18 21 -49 21 -68 0 -20 11 -52 28 -79 16 -24 34 -59 40 -78 17 -48 40 -71
72 -71 15 0 35 -9 45 -20 10 -11 28 -20 41 -20 19 0 25 9 38 53 8 29 13 62 10
75 -4 14 2 31 20 52 14 17 28 47 31 68 11 65 21 79 72 98 63 23 102 56 133
112 23 41 30 46 80 59 30 7 69 24 86 36 35 24 134 115 134 122 0 3 -15 5 -34
5 -53 0 -69 9 -54 29 10 13 8 13 -7 -1 -23 -22 -19 -27 35 -36 l43 -7 -63 -58
c-47 -42 -78 -61 -119 -73 -79 -23 -83 -26 -111 -75 -29 -53 -58 -78 -124
-104 -54 -21 -71 -45 -81 -107 -3 -21 -17 -51 -31 -68 -18 -21 -24 -37 -20
-53 3 -12 -1 -43 -8 -67 -15 -52 -41 -63 -71 -30 -10 11 -31 20 -46 20 -30 0
-50 22 -64 69 -4 13 -20 44 -36 69 -18 28 -29 60 -29 80 0 19 -9 50 -21 68
-11 19 -19 46 -18 61 2 16 0 34 -4 40 -12 20 14 94 40 110 22 15 38 65 31 97
-3 15 -8 13 -37 -8 -45 -34 -63 -21 -59 43 3 49 5 50 63 36 l30 -8 -44 46
c-25 26 -49 43 -57 40 -21 -8 -26 19 -11 55 12 28 10 41 -23 141 -20 61 -44
119 -53 129 -9 10 -17 30 -17 44 0 18 -13 36 -45 63 l-46 37 -96 -4 -97 -3
-34 48 c-40 56 -38 61 39 87 l52 18 -61 17 c-33 9 -75 29 -93 44 -48 41 -37
66 55 124 99 63 136 99 136 131 0 14 -3 26 -7 26 -5 1 -21 11 -36 24 -25 20
-27 25 -17 51 6 15 9 30 6 32 -2 2 -9 -11 -15 -29z"/>
12: <path d="M7647 5820 c11 -61 23 -90 17 -40 -4 25 -10 52 -15 60 -5 9 -6 2 -2
-20z"/>
13: <path d="M7892 5718 c-11 -15 -52 -155 -52 -181 0 -14 9 -13 72 9 81 27 83 29
91 64 5 20 -3 35 -37 73 -46 50 -57 55 -74 35z m66 -39 c20 -22 37 -45 36 -50
-1 -5 -2 -18 -2 -28 -2 -14 -19 -25 -68 -41 -36 -12 -68 -20 -70 -17 -5 5 32
152 43 170 9 15 25 6 61 -34z"/>
14: <path d="M2150 5694 c0 -15 8 -36 17 -46 14 -16 15 -23 5 -38 -17 -28 -16 -30
20 -30 20 0 42 -9 57 -24 15 -13 37 -27 50 -31 26 -8 26 -11 1 86 -11 38 -74
92 -123 104 -24 7 -27 5 -27 -21z m92 -23 c27 -18 41 -38 49 -66 5 -22 12 -48
15 -57 7 -24 -28 -13 -57 18 -13 14 -34 24 -51 24 -25 0 -27 2 -16 19 10 16 9
23 -5 39 -9 10 -17 29 -17 41 0 19 4 21 23 15 12 -4 39 -18 59 -33z"/>
15: <path d="M2969 5693 c-2 -23 -2 -22 6 -64 6 -33 3 -41 -29 -77 -20 -22 -36
-45 -36 -53 0 -7 -10 -24 -22 -38 l-23 -26 28 24 c15 14 27 31 27 39 0 8 16
32 35 53 38 42 40 48 26 95 -5 18 -5 37 1 47 6 11 5 17 -2 17 -5 0 -11 -8 -11
-17z"/>
16: <path d="M2341 5623 c0 -21 4 -47 9 -58 5 -13 6 0 3 33 -5 41 -3 52 9 52 24 0
58 -44 58 -75 0 -35 -28 -59 -50 -42 -13 10 -13 10 -1 -5 7 -10 17 -16 21 -13
4 3 11 -6 14 -20 5 -19 13 -25 34 -24 27 1 27 1 3 8 -14 4 -26 12 -29 19 -5
16 40 16 58 0 12 -11 12 -10 1 5 -8 9 -27 17 -45 17 -26 1 -28 2 -13 11 42 25
0 129 -53 129 -17 0 -20 -6 -19 -37z"/>
17: <path d="M1966 5628 c-23 -32 -20 -38 17 -38 45 0 62 18 40 42 -21 24 -39 23
-57 -4z m53 -1 c14 -18 4 -27 -31 -27 -26 0 -28 2 -18 20 12 23 33 26 49 7z"/>
18: <path d="M5677 5584 c-23 -12 -26 -18 -17 -34 7 -14 7 -26 1 -39 -9 -15 -6
-22 14 -35 24 -16 27 -16 61 11 36 27 36 27 16 44 -12 9 -24 28 -28 43 -7 30
-9 30 -47 10z m66 -57 c17 -12 16 -14 -12 -35 -26 -19 -34 -20 -50 -10 -15 9
-17 16 -10 30 6 12 6 24 0 36 -7 13 -5 20 12 29 19 10 23 9 32 -12 6 -14 19
-31 28 -38z"/>
19: <path d="M1963 5550 c-32 -13 -39 -48 -14 -73 18 -19 23 -19 47 -7 36 20 50
58 27 76 -21 15 -30 16 -60 4z m54 -11 c28 -28 -31 -85 -62 -59 -21 18 -19 36
7 54 26 19 40 20 55 5z"/>
20: <path d="M2635 5484 c5 -47 3 -53 -20 -68 -17 -11 -25 -26 -25 -45 0 -26 4
-29 54 -40 35 -8 66 -9 93 -3 29 7 47 6 64 -4 13 -7 29 -13 34 -13 6 0 -5 8
-24 18 -27 15 -42 16 -75 9 -59 -13 -136 7 -136 35 0 12 12 30 26 42 24 19 25
23 15 70 l-10 50 4 -51z"/>
